2 1c
2 8
2 20
2 20
2 18
2 8
2 10
2 18
2 20
2 17
2 15
2 24
2 1e
2 15
2 1c
2 10
2 c
2 a
2 0
2 8
2 8
2 24
2 0
2 24
2 1c
2 1c
2 15
2 10
2 a
2 5
2 10
2 10
2 10
2 13
2 10
2 17
2 0
2 7
2 4
2 a
2 10
2 4
2 24
2 20
2 24
2 25
2 24
2 18
2 10
2 c
2 2
2 b
2 1
2 14
2 1c
2 4
2 1
2 0
2 4
2 8
2 8
2 8
2 20
2 0
2 0
2 8
2 20
2 18
2 1f
2 4
2 c
2 24
2 1a
2 24
2 2b
2 0
2 5
2 14
2 12
2 b
2 e
2 17
2 10
2 7
2 18
2 18
2 21
2 14
2 24
2 20
2 c
2 c
2 24
2 23
2 24
2 10
2 7
2 18
2 15
2 f
2 18
2 20
2 1c
2 1f
2 8
2 20
2 28
2 28
2 2e
2 1c
2 16
2 d
2 18
2 14
2 0
2 14
2 1d
2 23
2 0
2 14
2 1c
2 8
2 0
2 8
2 c
2 0
2 4
2 14
2 1c
2 23
2 1a
2 14
2 20
2 c
2 9
2 0
2 1
2 c
2 0
2 18
2 1c
2 10
2 10
2 1c
2 17
2 14
2 12
2 c
2 e
2 18
2 11
2 24
2 25
2 4
2 2
2 3
2 8
2 14
2 16
2 10
2 14
2 c
2 8
2 10
2 18
2 11
2 d
2 0
2 10
2 e
2 4
2 d
2 6
2 b
2 e
2 12
2 0
2 8
2 9
2 10
2 19
2 1c
2 8
2 4
2 c
2 6
2 8
2 8
2 4
2 10
2 14
2 13
2 a
2 3
2 10
2 f
2 20
2 17
2 14
2 11
2 c
2 7
2 e
2 14
2 8
2 10
2 f
2 9
2 10
2 14
2 14
2 8
2 5
2 20
2 1e
2 14
2 8
2 8
2 24
2 26
2 24
2 26
2 10
2 9
2 9
2 8
2 1c
2 16
2 15
2 24
2 20
2 8
2 8
2 c
2 c
2 c
2 10
2 11
2 20
2 1c
2 18
2 c
2 4
2 c
2 11
2 12
2 18
2 8
2 c
2 c
2 7
2 1
2 8
2 b
2 24
2 1a
2 18
2 1a
2 13
2 18
2 1e
2 1e
2 4
2 8
2 8
2 10
2 20
2 1f
2 10
2 8
2 20
2 1e
2 14
2 4
2 0
2 0
2 1c
2 1c
2 23
2 18
2 1a
2 0
2 1
2 18
2 24
2 2c
2 0
2 2
2 0
2 3
2 4
2 9
2 18
2 21
2 24
2 20
2 28
2 c
2 d
2 18
2 20
2 29
2 14
2 c
2 4
2 9
2 0
2 0
2 7
2 10
2 20
2 1a
2 14
2 0
2 8
2 b
2 e
2 c
2 0
2 10
2 c
2 7
2 0
2 18
2 1d
2 24
2 24
2 10
2 1c
2 19
2 1c
2 20
2 1c
2 22
2 1c
2 14
2 14
2 0
2 6
2 a
2 1
2 6
2 24
2 1d
2 1b
2 23
2 25
2 24
2 8
2 b
2 d
2 18
2 1e
2 24
2 2a
2 29
2 28
2 31
2 2f
2 8
2 8
2 8
2 10
2 d
2 e
2 0
2 1c
2 20
2 21
2 18
2 4
2 4
2 9
2 1c
2 1e
2 16
2 17
2 1c
2 18
2 1b
2 22
2 22
2 28
2 28
2 1c
2 10
2 16
2 0
2 6
2 8
2 1c
2 14
2 4
2 8
2 b
2 1c
2 4
2 3
2 10
2 b
2 4
2 14
2 10
2 0
2 7
2 10
2 8
2 4
2 a
2 14
2 1b
2 c
2 0
2 4
2 18
2 14
2 17
2 f
2 11
2 17
2 0
2 5
2 10
2 12
2 10
2 16
2 4
2 4
2 8
2 9
2 1c
2 22
2 0
2 10
2 12
2 20
2 1c
2 8
2 0
2 24
2 24
2 1b
2 10
2 15
2 d
2 14
2 14
2 18
2 20
2 19
2 1c
2 c
2 8
2 9
2 4
2 18
2 17
2 1d
2 17
2 11
2 4
2 9
2 18
2 10
2 11
2 0
2 1
2 18
2 c
2 18
2 18
2 20
2 28
2 20
2 c
2 8
2 8
2 c
2 8
2 c
2 4
2 c
2 15
2 1e
2 8
2 0
2 1
2 2
2 6
2 10
2 7
2 8
2 10
2 11
2 e
2 8
2 4
2 0
2 5
2 18
2 17
2 1e
2 26
2 20
2 18
2 8
2 6
2 10
2 12
2 c
2 20
2 1c
2 10
2 13
2 c
2 c
2 a
2 10
2 13
2 14
2 11
2 10
2 15
2 18
2 17
2 17
2 15
2 d
2 1c
2 18
2 14
2 15
2 f
2 18
2 20
2 1d
2 1c
2 20
2 8
2 7
2 7
2 d
2 10
2 a
2 10
2 d
2 14
2 16
2 15
2 b
2 7
2 20
2 18
2 14
2 16
2 24
2 c
2 d
2 c
2 20
2 23
2 1b
2 21
2 0
2 8
2 4
2 c
2 4
2 8
2 c
2 11
2 17
2 14
2 1a
2 1c
2 0
2 18
2 18
2 18
2 15
2 f
2 10
2 0
2 1c
2 22
2 20
2 20
2 18
2 1f
2 0
2 5
2 24
2 4
2 9
2 a
2 9
2 9
2 14
2 10
2 18
2 18
2 4
2 4
2 2
2 5
2 4
2 4
2 5
2 d
2 13
2 c
2 14
2 8
2 7
2 2
2 4
2 2
2 20
2 24
2 1d
2 20
2 26
2 8
2 0
2 24
2 1d
2 18
2 8
2 14
2 0
2 7
2 c
2 10
2 14
2 f
2 f
2 6
2 10
2 6
2 c
2 12
2 10
2 14
2 17
2 1c
2 20
2 1c
2 18
2 8
2 11
2 1c
2 14
2 4
2 0
2 8
2 a
2 12
2 16
2 8
2 0
2 0
2 14
2 14
2 14
2 18
2 1d
2 18
2 1c
2 4
2 9
2 0
2 10
2 10
2 10
2 1c
2 c
2 15
2 c
2 c
2 d
2 14
2 16
2 8
2 10
2 11
2 1c
2 24
2 c
2 4
2 8
2 3
2 3
2 24
2 27
2 1f
2 15
2 14
2 8
2 1
2 0
2 8
2 8
2 3
2 8
2 24
2 28
2 14
2 1b
2 10
2 9
2 1
2 2
2 8
2 2
2 3
2 2
2 8
2 4
2 8
2 8
2 0
2 4
2 18
2 24
2 8
2 18
2 c
2 1c
2 4
2 1c
2 24
2 10
2 c
2 1c
2 4
2 6
2 d
2 16
2 1c
2 1b
2 8
2 8
2 1c
2 1c
2 c
2 1c
2 18
2 24
2 8
2 e
2 10
2 18
2 1f
2 25
2 24
2 25
2 20
2 24
2 2b
2 31
2 38
2 c
2 6
2 d
2 10
2 6
2 1c
2 1e
2 19
2 18
2 1c
2 1c
2 1a
2 1a
2 23
2 2b
2 26
2 23
2 1a
2 10
2 14
2 14
2 b
2 d
2 1c
2 16
2 c
2 d
2 1c
2 18
2 1c
2 0
2 1c
2 4
2 c
2 20
2 18
2 8
2 a
2 20
2 1b
2 20
2 17
2 17
2 19
2 20
2 25
2 1f
2 8
2 24
2 0
2 0
2 18
2 4
2 4
2 a
2 c
2 12
2 18
2 8
2 24
2 4
2 4
2 24
2 14
2 24
2 20
2 c
2 e
2 9
2 0
2 0
2 18
2 1d
2 17
2 14
2 c
2 1c
2 21
2 1f
2 24
2 1d
2 c
2 1c
2 8
2 8
2 20
2 1a
2 1b
2 20
2 18
2 24
2 1a
2 1c
2 c
2 1c
2 24
2 24
2 2d
2 24
2 24
2 14
2 20
2 20
2 19
2 13
2 10
2 8
2 9
2 d
2 b
2 24
2 8
2 1c
2 24
2 20
2 19
2 1a
2 1c
2 10
2 6
2 7
2 f
2 20
2 4
2 a
2 1c
2 8
2 0
2 14
2 13
2 0
2 7
2 10
2 14
2 4
2 4
2 20
2 4
2 18
2 11
2 15
2 1b
2 16
2 4
2 18
2 21
2 26
2 8
2 c
2 0
2 3
2 5
2 4
2 c
2 f
2 10
2 1c
2 24
2 1a
2 14
2 8
2 1c
2 21
2 24
2 2d
2 10
2 14
2 1b
2 1c
2 13
2 1c
2 10
2 0
2 2
2 b
2 0
2 24
2 24
2 1a
2 0
2 c
2 c
2 11
2 16
2 4
2 6
2 7
2 10
2 8
2 4
2 1
2 9
2 9
2 c
2 14
2 a
2 14
2 8
2 7
2 4
2 10
2 c
2 18
2 1d
2 18
2 1a
2 15
2 4
2 0
2 9
2 10
2 17
2 12
2 8
2 c
2 24
2 24
2 10
2 c
2 12
2 14
2 e
2 6
2 1c
2 20
2 18
2 1e
2 1f
2 14
2 17
2 c
2 d
2 14
2 4
2 a
2 b
2 a
2 4
2 24
