2 4
2 7f
2 0
2 24
2 20
2 8e
2 4
2 6b
2 4
2 4a
2 8
2 56
2 c
2 10
2 14
2 20
2 14
2 24
2 c
2 c
2 8
2 99
2 a4
2 18
2 0
2 4
2 0
2 14
2 10
2 18
2 24
2 8c
2 0
2 24
2 4
2 18
2 4
2 18
2 c
2 4
2 68
2 0
2 0
2 4
2 24
2 20
2 93
2 20
2 c
2 10
2 20
2 20
2 4f
2 9a
2 4
2 c
2 24
2 0
2 4b
2 0
2 20
2 43
2 8
2 14
2 6f
2 20
2 c
2 4
2 18
2 24
2 10
2 bb
2 20
2 4
2 1c
2 c
2 bc
2 5a
2 c
2 4
2 9c
2 70
2 10
2 54
2 1c
2 5c
2 24
2 0
2 a4
2 18
2 8
2 1c
2 17
2 18
2 c2
2 20
2 f9
2 41
2 10
2 4
2 0
2 24
2 8
2 f1
2 4
2 0
2 18
2 f6
2 7b
2 c
2 24
2 4
2 4
2 8
2 4
2 c
2 8
2 8
2 24
2 18
2 38
2 c
2 14
2 6e
2 14
2 1c
2 18
2 4
2 0
2 8
2 7d
2 4
2 1c
2 2a
2 be
2 30
2 20
2 ae
2 c
2 1c
2 7c
2 be
2 4
2 c
2 d5
2 20
2 8
2 90
2 1c
2 20
2 c
2 18
2 5b
2 65
2 0
2 20
2 4
2 1c
2 8
2 4
2 8
2 0
2 5c
2 0
2 4
2 4
2 4
2 10
2 8
2 18
2 c
2 10
2 10
2 c
2 8
2 8d
2 a7
2 20
2 0
2 95
2 24
2 8
2 c6
2 20
2 1c
2 10
2 1c
2 7f
2 14
2 18
2 8
2 18
2 8
2 1c
2 18
2 24
2 95
2 24
2 4
2 4
2 1c
2 10
2 c
2 c
2 0
2 20
2 91
2 86
2 4
2 14
2 24
2 8
2 14
2 c
2 20
2 42
2 7c
2 10
2 c
2 0
2 3a
2 42
2 0
2 14
2 18
2 18
2 c
2 20
2 14
2 20
2 4
2 24
2 10
2 69
2 c
2 14
2 10
2 24
2 19
2 14
2 14
2 8
2 10
2 c
2 d7
2 0
2 14
2 20
2 24
2 10
2 1c
2 14
2 0
2 18
2 20
2 c
2 18
2 c9
2 55
2 10
2 a4
2 1c
2 10
2 cf
2 10
2 14
2 6a
2 3f
2 14
2 0
2 c
2 14
2 10
2 10
2 dc
2 0
2 51
2 18
2 72
2 14
2 1c
2 4
2 3f
2 0
2 11
2 4
2 39
2 0
2 24
2 e5
2 14
2 18
2 1c
2 24
2 4
2 17
2 c
2 10
2 24
2 20
2 1c
2 10
2 24
2 51
2 1c
2 8
2 10
2 c
2 1c
2 4
2 f2
2 c
2 20
2 be
2 1c
2 20
2 c
2 c
2 c
2 a1
2 18
2 d8
2 4
2 0
2 c
2 24
2 1c
2 c
2 20
2 46
2 18
2 c
2 16
2 20
2 4
2 4
2 14
2 24
2 14
2 c
2 d0
2 8
2 0
2 d7
2 24
2 0
2 8
2 96
2 14
2 10
2 8
2 24
2 8c
2 10
2 24
2 c
2 58
2 1c
2 10
2 18
2 20
2 1c
2 14
2 4
2 20
2 8
2 18
2 d6
2 3e
2 4
2 14
2 24
2 c
2 0
2 24
2 10
2 10
2 b1
2 8
2 c
2 57
2 27
2 1c
2 18
2 14
2 14
2 4
2 20
2 0
2 8
2 8d
2 3
2 8
2 33
2 20
2 84
2 4
2 4
2 4
2 0
2 0
2 10
2 24
2 bb
2 0
2 48
2 1c
2 14
2 8
2 0
2 21
2 8
2 20
2 4
2 c
2 8
2 3d
2 0
2 24
2 3f
2 1c
2 24
2 25
2 18
2 87
2 24
2 18
2 14
2 24
2 0
2 10
2 de
2 0
2 18
2 10
2 8
2 f7
2 0
2 c
2 15
2 20
2 8
2 20
2 d2
2 1c
2 1c
2 c
2 c
2 1d
2 18
2 a
2 8
2 31
2 4
2 77
2 8
2 1c
2 18
2 10
2 1c
2 18
2 83
2 20
2 c
2 0
2 59
2 c
2 ed
2 10
2 0
2 0
2 a7
2 92
2 14
2 1c
2 24
2 0
2 4
2 10
2 10
2 8
2 8
2 83
2 8
2 1c
2 18
2 14
2 e4
2 4
2 b3
2 4
2 8c
2 c
2 48
2 f8
2 7
2 4
2 10
2 18
2 18
2 13
2 1b
2 4
2 18
2 14
2 c
2 ed
2 4
2 20
2 59
2 d6
2 3f
2 82
2 8
2 24
2 1c
2 69
2 14
2 24
2 18
2 10
2 1c
2 14
2 4
2 14
2 10
2 18
2 24
2 19
2 1c
2 20
2 a6
2 78
2 14
2 4
2 8
2 1c
2 c
2 8
2 24
2 1c
2 1c
2 0
2 8
2 c
2 e
2 18
2 20
2 4
2 db
2 28
2 8
2 c
2 b0
2 35
2 24
2 10
2 ad
2 e2
2 20
2 b4
2 3b
2 18
2 14
2 d7
2 20
2 18
2 c2
2 18
2 24
2 0
2 99
2 a0
2 0
2 89
2 0
2 18
2 14
2 5b
2 c
2 20
2 24
2 9e
2 0
2 18
2 1c
2 0
2 c
2 14
2 20
2 14
2 14
2 8
2 c
2 20
2 4
2 0
2 24
2 24
2 18
2 1c
2 9e
2 d5
2 c
2 20
2 8e
2 4
2 14
2 14
2 0
2 20
2 1c
2 20
2 18
2 0
2 d3
2 0
2 18
2 5b
2 4
2 ed
2 18
2 24
2 6d
2 14
2 f6
2 10
2 6c
2 0
2 20
2 1c
2 14
2 af
2 8e
2 9
2 24
2 1c
2 74
2 1c
2 da
2 b8
2 0
2 c
2 4
2 3e
2 d8
2 10
2 c
2 0
2 4
2 22
2 38
2 7b
2 76
2 f2
2 20
2 c
2 1c
2 10
2 18
2 0
2 20
2 0
2 c
2 10
2 24
2 0
2 c
2 4
2 14
2 10
2 48
2 14
2 20
2 39
2 36
2 f6
2 10
2 1c
2 8
2 18
2 10
2 0
2 24
2 20
2 0
2 24
2 0
2 0
2 10
2 8
2 c
2 d7
2 e3
2 24
2 8
2 ea
2 4
2 c
2 bd
2 14
2 18
2 c
2 8c
2 4
2 51
2 4
2 24
2 14
2 20
2 24
2 10
2 c
2 20
2 9c
2 24
2 2c
2 8
2 18
2 c8
2 9a
2 db
2 8
2 1c
2 18
2 14
2 cc
2 20
2 c
2 c
2 1c
2 18
2 20
2 20
2 b3
2 18
2 2b
2 18
2 20
2 ae
2 1c
2 c
2 4
2 0
2 bf
2 18
2 10
2 4
2 14
2 1c
2 14
2 1c
2 c
2 20
2 6
2 18
2 18
2 0
2 4
2 1c
2 10
2 4
2 1c
2 14
2 8
2 18
2 c3
2 4
2 f4
2 10
2 14
2 20
2 c
2 c
2 4
2 0
2 8
2 c
2 10
2 6f
2 27
2 5b
2 20
2 c
2 0
2 ac
2 4
2 14
2 8
2 28
2 1c
2 14
2 24
2 10
2 20
2 14
2 20
2 14
2 4
2 0
2 20
2 20
2 6a
2 8
2 fc
2 18
2 1c
2 8
2 79
2 8
2 0
2 0
2 24
2 14
2 1c
2 24
2 c
2 10
2 ad
2 18
2 ca
2 12
2 90
2 4
2 4
2 c
2 14
2 18
2 24
2 14
2 4
2 4a
2 4
2 8
2 32
2 18
2 4
2 0
2 d0
2 3a
2 14
2 4
2 4
2 c
2 4
2 c
2 46
2 10
2 1c
2 8
2 1c
2 7e
2 20
2 8
2 14
2 24
2 1c
2 1c
2 20
2 14
2 33
2 1c
2 1e
2 24
2 8
2 f5
2 4
2 4
2 4
2 c
2 ff
2 c
2 c
2 14
2 29
2 0
2 18
2 14
2 8
2 7b
2 14
2 1c
2 8
2 10
2 aa
2 e6
2 18
2 d6
2 20
2 24
2 10
2 c
2 24
2 c
2 8
2 24
2 0
2 c
2 6f
2 24
2 10
2 1c
2 1c
2 1c
2 24
2 14
2 1c
2 0
2 8
2 e4
2 18
2 0
2 8
2 88
2 1
2 8
2 c3
2 d2
2 c
2 0
2 0
2 14
2 30
2 0
2 24
2 14
2 0
2 14
2 10
2 24
2 18
2 0
2 1c
2 14
2 24
2 4
2 12
2 4
2 4
2 20
2 0
2 4
2 4a
2 fa
2 8
2 d8
2 c
2 49
2 4
2 14
2 24
2 54
2 0
2 20
2 0
2 1f
2 14
2 c7
2 c
2 18
2 5
2 91
2 14
2 10
2 0
2 20
2 4
2 c
2 10
2 8
2 e6
2 9
2 55
2 14
2 8
2 20
2 10
2 67
2 4
2 20
2 24
2 0
2 8
2 1c
2 61
2 fd
2 c
2 14
2 24
2 18
2 20
2 d2
2 be
2 c
2 1c
2 20
2 0
2 10
2 4
2 10
