2 2d
2 c4
2 9
2 2f
2 91
2 57
2 84
2 18
2 6
2 73
2 c7
2 a
2 c4
2 29
2 44
2 a2
2 3c
2 f
2 7b
2 9b
2 2e
2 71
2 ff
2 c0
2 b8
2 de
2 34
2 54
2 1
2 38
2 1f
2 48
2 13
2 4f
2 15
2 3c
2 7d
2 79
2 3c
2 ca
2 33
2 fd
2 2a
2 0
2 d5
2 a5
2 2f
2 84
2 91
2 c1
2 cb
2 6b
2 6f
2 75
2 15
2 6
2 1d
2 29
2 33
2 98
2 64
2 2e
2 72
2 18
2 37
2 11
2 10
2 6f
2 29
2 eb
2 db
2 d3
2 21
2 db
2 40
2 e5
2 2d
2 a
2 9f
2 d3
2 43
2 51
2 1f
2 a3
2 c8
2 ac
2 53
2 ac
2 1d
2 73
2 65
2 7b
2 64
2 fe
2 38
2 94
2 75
2 4c
2 a1
2 d4
2 c3
2 1d
2 df
2 35
2 11
2 4b
2 37
2 6
2 71
2 9a
2 a3
2 38
2 d8
2 f6
2 ce
2 23
2 e
2 fc
2 9
2 f8
2 6c
2 70
2 4
2 21
2 b8
2 1f
2 6e
2 2c
2 46
2 d7
2 5d
2 e7
2 1e
2 f6
2 b8
2 8
2 7b
2 9a
2 58
2 e6
2 f7
2 19
2 6a
2 89
2 7d
2 b7
2 c5
2 42
2 4a
2 7a
2 c6
2 1e
2 0
2 29
2 75
2 93
2 de
2 ae
2 35
2 e7
2 4
2 0
2 ad
2 71
2 4d
2 ab
2 cf
2 4
2 32
2 4e
2 c0
2 cd
2 b6
2 24
2 4c
2 5d
2 3d
2 7b
2 9e
2 a
2 d6
2 61
2 59
2 4c
2 c8
2 a8
2 41
2 7e
2 2b
2 32
2 e6
2 4a
2 47
2 75
2 36
2 b2
2 64
2 7d
2 b3
2 ae
2 b9
2 f1
2 be
2 4d
2 95
2 4
2 5
2 e9
2 ab
2 69
2 84
2 fa
2 eb
2 2e
2 39
2 96
2 d5
2 8d
2 0
2 21
2 67
2 1e
2 9d
2 c7
2 e9
2 b7
2 4e
2 67
2 f2
2 c7
2 d1
2 a8
2 6a
2 11
2 62
2 41
2 7c
2 7c
2 b2
2 9d
2 60
2 14
2 57
2 e6
2 27
2 50
2 c1
2 51
2 8d
2 15
2 a6
2 f5
2 81
2 93
2 c3
2 2b
2 2a
2 a2
2 fc
2 1d
2 a9
2 f6
2 51
2 ac
2 ce
2 ec
2 b0
2 be
2 bd
2 1d
2 0
2 9
2 e2
2 f8
2 a5
2 67
2 76
2 fa
2 c0
2 48
2 55
2 b
2 bb
2 8a
2 d0
2 d6
2 5
2 9a
2 75
2 7a
2 fd
2 63
2 b9
2 d3
2 84
2 a4
2 c3
2 45
2 fd
2 77
2 54
2 87
2 1d
2 8a
2 68
2 c1
2 dd
2 66
2 fa
2 8e
2 e9
2 5d
2 4a
2 22
2 fe
2 12
2 62
2 e
2 54
2 89
2 43
2 a
2 56
2 46
2 59
2 b4
2 70
2 6f
2 dd
2 ec
2 f4
2 18
2 6a
2 3a
2 d4
2 31
2 fe
2 db
2 5b
2 34
2 5c
2 2e
2 9a
2 a
2 6c
2 48
2 f1
2 2d
2 e2
2 b7
2 4e
2 3c
2 a4
2 50
2 e9
2 ad
2 2
2 3
2 f0
2 c5
2 86
2 6e
2 c5
2 16
2 b7
2 53
2 71
2 7f
2 8f
2 d6
2 b0
2 bb
2 10
2 dc
2 7a
2 4d
2 d7
2 57
2 c8
2 5e
2 8d
2 57
2 af
2 51
2 e5
2 31
2 9a
2 0
2 de
2 a4
2 f4
2 c4
2 65
2 72
2 ff
2 75
2 2c
2 d1
2 d3
2 56
2 4a
2 16
2 bb
2 49
2 a
2 c4
2 73
2 74
2 74
2 bd
2 4a
2 bd
2 b5
2 ee
2 2c
2 c7
2 da
2 c2
2 79
2 ac
2 e2
2 b9
2 51
2 9c
2 7f
2 49
2 8f
2 2
2 70
2 d4
2 3f
2 bc
2 ee
2 4a
2 7
2 65
2 64
2 1a
2 81
2 51
2 ad
2 91
2 13
2 5c
2 59
2 9e
2 57
2 10
2 44
2 94
2 75
2 f6
2 22
2 40
2 b2
2 ea
2 a2
2 24
2 6c
2 7e
2 b2
2 56
2 63
2 dc
2 72
2 34
2 f4
2 43
2 76
2 1e
2 de
2 50
2 a8
2 8d
2 c6
2 dd
2 4b
2 1d
2 eb
2 a6
2 df
2 99
2 18
2 a8
2 ca
2 13
2 21
2 2f
2 86
2 79
2 66
2 47
2 44
2 e4
2 1a
2 ca
2 91
2 44
2 27
2 48
2 dd
2 b1
2 6
2 f2
2 7a
2 80
2 a0
2 c6
2 6a
2 55
2 20
2 a4
2 8e
2 9
2 cf
2 f
2 54
2 c1
2 9f
2 ef
2 37
2 19
2 a8
2 ef
2 90
2 d6
2 69
2 95
2 b3
2 73
2 c7
2 24
2 f5
2 11
2 10
2 36
2 de
2 a1
2 ff
2 fd
2 6b
2 cc
2 70
2 e5
2 23
2 e0
2 38
2 cf
2 66
2 c5
2 67
2 f6
2 40
2 6d
2 59
2 48
2 da
2 7e
2 2c
2 15
2 bf
2 f4
2 fc
2 2
2 42
2 32
2 ea
2 58
2 f6
2 5c
2 43
2 7
2 b0
2 43
2 55
2 2a
2 4f
2 61
2 fa
2 10
2 e6
2 99
2 38
2 43
2 12
2 63
2 e8
2 69
2 4f
2 d9
2 7
2 1
2 44
2 34
2 40
2 4a
2 4c
2 29
2 df
2 80
2 7b
2 ff
2 a9
2 71
2 ba
2 14
2 82
2 be
2 34
2 28
2 a2
2 79
2 c0
2 2b
2 44
2 12
2 2e
2 8a
2 89
2 25
2 ed
2 3b
2 8
2 ce
2 8c
2 9e
2 f0
2 7c
2 6a
2 43
2 5
2 d2
2 ff
2 e0
2 82
2 f6
2 9e
2 cd
2 18
2 2c
2 d
2 4b
2 14
2 83
2 d5
2 25
2 31
2 93
2 93
2 d6
2 50
2 78
2 b4
2 7a
2 89
2 cc
2 9
2 b3
2 ae
2 9e
2 1
2 2c
2 fa
2 66
2 a7
2 66
2 55
2 d1
2 17
2 8b
2 4a
2 69
2 84
2 5
2 f7
2 a6
2 a5
2 a0
2 ba
2 c1
2 e9
2 96
2 7e
2 6a
2 ae
2 11
2 c1
2 c
2 a7
2 ed
2 5
2 bd
2 af
2 bd
2 7f
2 9e
2 e9
2 84
2 74
2 d0
2 a3
2 88
2 9
2 13
2 23
2 71
2 b5
2 d4
2 25
2 a5
2 61
2 dd
2 f1
2 13
2 6e
2 e2
2 48
2 c7
2 9b
2 8d
2 7e
2 f1
2 db
2 9
2 ef
2 e0
2 69
2 6c
2 c9
2 23
2 6b
2 91
2 34
2 74
2 19
2 2b
2 64
2 d2
2 7c
2 c9
2 44
2 15
2 c0
2 15
2 b1
2 5f
2 b4
2 f7
2 75
2 4e
2 3b
2 28
2 67
2 86
2 2b
2 fe
2 a3
2 15
2 6e
2 f0
2 19
2 f4
2 e5
2 78
2 eb
2 0
2 2b
2 d7
2 e5
2 e0
2 d2
2 b9
2 a6
2 6d
2 ef
2 c8
2 e4
2 d0
2 e1
2 2e
2 29
2 5e
2 c1
2 c6
2 ea
2 e8
2 85
2 29
2 19
2 13
2 49
2 7
2 39
2 31
2 70
2 de
2 70
2 2c
2 6b
2 a7
2 40
2 b1
2 23
2 c6
2 f
2 e3
2 88
2 f1
2 2d
2 a5
2 6c
2 2f
2 a4
2 d6
2 c3
2 5c
2 19
2 d7
2 db
2 fd
2 fd
2 2
2 b5
2 37
2 d7
2 cb
2 b3
2 ec
2 50
2 cc
2 7
2 e8
2 fa
2 a1
2 e9
2 d4
2 f9
2 60
2 bc
2 3c
2 86
2 61
2 4e
2 73
2 d
2 4b
2 5
2 24
2 c5
2 ff
2 15
2 41
2 b9
2 dc
2 c7
2 85
2 35
2 89
2 84
2 b7
2 f2
2 d4
2 2f
2 6c
2 21
2 cf
2 cf
2 34
2 e4
2 df
2 c
2 39
2 75
2 46
2 bc
2 62
2 d9
2 a3
2 e1
2 a6
2 92
2 29
2 ed
2 91
2 cf
2 60
2 1a
2 a9
2 67
2 8c
2 6f
2 4
2 9b
2 d6
2 11
2 65
2 fc
2 a2
2 67
2 97
2 ce
2 9f
2 10
2 39
2 7e
2 85
2 91
2 65
2 90
2 22
2 f1
2 fd
2 70
2 b7
2 98
2 70
2 96
2 26
2 5b
2 32
2 1d
2 c6
2 22
2 4c
2 3
2 43
2 47
2 c2
2 6a
2 e0
2 e1
2 e6
2 67
2 b7
2 df
2 4e
2 58
2 a0
2 df
2 75
2 54
2 7d
2 6d
2 e4
2 f6
2 f1
2 b2
2 7b
2 f8
2 54
2 a8
2 5
2 60
2 db
2 3f
2 6e
2 fc
2 ea
2 4a
2 88
2 56
2 d0
2 52
2 64
2 68
2 84
2 89
2 ef
2 62
2 6a
2 2a
2 98
2 c0
2 61
2 c0
2 e
2 1b
2 9e
2 f7
2 20
2 94
2 6d
2 48
2 c4
2 e3
2 f4
2 21
2 97
2 a9
2 30
2 4e
2 bd
2 d5
2 e5
2 fe
2 a9
2 a9
2 7d
2 33
2 c4
