2 0
2 5
2 1
2 9
2 5
2 3
2 8
2 4
2 0
2 1
2 0
2 0
2 6
2 3
2 2
2 9
2 6
2 9
2 f
2 18
2 e
2 14
2 17
2 19
2 22
2 22
2 23
2 2a
2 2c
2 2d
2 2e
2 26
2 24
2 27
2 2a
2 29
2 29
2 28
2 2e
2 24
2 29
2 2c
2 34
2 3b
2 3f
2 48
2 45
2 48
2 49
2 3f
2 44
2 46
2 3d
2 3d
2 3b
2 42
2 4b
2 44
2 45
2 45
2 47
2 45
2 4d
2 4f
2 4c
2 55
2 56
2 4d
2 51
2 51
2 4b
2 42
2 3b
2 32
2 39
2 42
2 3e
2 36
2 3c
2 3b
2 37
2 38
2 3e
2 39
2 31
2 2f
2 37
2 2d
2 27
2 24
2 21
2 1a
2 1c
2 1c
2 24
2 26
2 28
2 2e
2 35
2 39
2 38
2 3f
2 46
2 4a
2 4e
2 49
2 42
2 44
2 42
2 3b
2 40
2 40
2 3b
2 44
2 43
2 3d
2 46
2 45
2 3e
2 44
2 40
2 3a
2 42
2 44
2 48
2 4e
2 55
2 4e
2 46
2 40
2 36
2 30
2 33
2 2a
2 27
2 24
2 25
2 1f
2 1e
2 17
2 f
2 18
2 1f
2 1d
2 13
2 9
2 a
2 2
2 0
2 7
2 9
2 8
2 0
2 7
2 b
2 e
2 14
2 1c
2 19
2 13
2 9
2 f
2 8
2 5
2 a
2 f
2 11
2 d
2 f
2 8
2 a
2 a
2 a
2 2
2 1
2 8
2 0
2 2
2 9
2 4
2 8
2 e
2 13
2 a
2 0
2 6
2 8
2 a
2 f
2 b
2 f
2 7
2 0
2 6
2 2
2 6
2 3
2 4
2 d
2 4
2 7
2 e
2 a
2 b
2 3
2 b
2 10
2 9
2 2
2 9
2 10
2 13
2 13
2 16
2 d
2 b
2 a
2 9
2 a
2 b
2 a
2 e
2 d
2 c
2 10
2 d
2 6
2 4
2 9
2 c
2 9
2 4
2 2
2 6
2 4
2 5
2 e
2 f
2 8
2 10
2 17
2 1e
2 21
2 28
2 31
2 37
2 36
2 39
2 36
2 2f
2 26
2 20
2 16
2 15
2 19
2 17
2 19
2 10
2 13
2 9
2 12
2 12
2 12
2 18
2 14
2 b
2 5
2 d
2 11
2 10
2 6
2 6
2 1
2 1
2 7
2 b
2 3
2 6
2 a
2 1
2 2
2 a
2 10
2 6
2 d
2 11
2 a
2 b
2 1
2 3
2 1
2 8
2 e
2 d
2 f
2 d
2 4
2 6
2 5
2 7
2 8
2 1
2 6
2 b
2 11
2 8
2 9
2 2
2 8
2 8
2 4
2 9
2 0
2 5
2 5
2 1
2 5
2 9
2 6
2 d
2 a
2 3
2 c
2 6
2 a
2 6
2 c
2 8
2 a
2 4
2 4
2 0
2 6
2 7
2 2
2 1
2 7
2 2
2 1
2 6
2 4
2 b
2 11
2 17
2 18
2 e
2 13
2 f
2 e
2 17
2 19
2 22
2 24
2 23
2 24
2 20
2 18
2 19
2 19
2 1a
2 1e
2 1f
2 21
2 22
2 1c
2 12
2 b
2 3
2 b
2 a
2 3
2 3
2 2
2 5
2 4
2 3
2 6
2 b
2 8
2 5
2 2
2 1
2 9
2 12
2 d
2 c
2 d
2 e
2 16
2 12
2 19
2 f
2 16
2 10
2 14
2 13
2 13
2 c
2 12
2 1a
2 18
2 1f
2 22
2 25
2 1b
2 1e
2 27
2 24
2 28
2 2f
2 2d
2 2c
2 2c
2 23
2 2b
2 22
2 22
2 28
2 2e
2 35
2 3c
2 38
2 3f
2 35
2 34
2 39
2 3c
2 3f
2 37
2 39
2 38
2 3e
2 3a
2 30
2 2a
2 2b
2 23
2 23
2 22
2 2a
2 33
2 3b
2 43
2 48
2 4d
2 44
2 40
2 47
2 43
2 4c
2 50
2 56
2 58
2 53
2 52
2 4b
2 46
2 3f
2 43
2 3f
2 39
2 2f
2 35
2 3a
2 32
2 30
2 38
2 31
2 2e
2 2c
2 34
2 30
2 29
2 31
2 2a
2 24
2 24
2 29
2 29
2 2f
2 28
2 2c
2 23
2 24
2 2d
2 29
2 22
2 19
2 11
2 10
2 b
2 11
2 12
2 11
2 16
2 e
2 c
2 5
2 e
2 e
2 a
2 e
2 12
2 12
2 12
2 e
2 8
2 3
2 b
2 c
2 9
2 3
2 c
2 8
2 7
2 4
2 5
2 5
2 2
2 1
2 7
2 10
2 8
2 e
2 17
2 12
2 f
2 5
2 7
2 1
2 7
2 c
2 3
2 1
2 5
2 7
2 1
2 0
2 1
2 4
2 6
2 9
2 5
2 0
2 6
2 b
2 4
2 9
2 a
2 0
2 9
2 7
2 3
2 b
2 4
2 5
2 a
2 6
2 0
2 3
2 1
2 6
2 f
2 10
2 9
2 3
2 1
2 3
2 8
2 2
2 9
2 10
2 17
2 f
2 d
2 4
2 7
2 1
2 a
2 11
2 7
2 4
2 d
2 c
2 9
2 2
2 9
2 3
2 a
2 b
2 3
2 9
2 4
2 9
2 11
2 8
2 b
2 1
2 4
2 1
2 7
2 7
2 3
2 6
2 a
2 3
2 8
2 4
2 0
2 9
2 9
2 7
2 8
2 11
2 14
2 16
2 12
2 14
2 b
2 e
2 9
2 3
2 b
2 f
2 6
2 5
2 b
2 6
2 5
2 d
2 15
2 10
2 15
2 1a
2 1a
2 17
2 1d
2 1d
2 17
2 11
2 16
2 d
2 13
2 1a
2 1e
2 19
2 20
2 22
2 19
2 1d
2 14
2 a
2 2
2 5
2 4
2 7
2 9
2 e
2 5
2 2
2 b
2 6
2 d
2 d
2 12
2 18
2 16
2 d
2 8
2 9
2 9
2 a
2 2
2 2
2 9
2 2
2 2
2 4
2 3
2 8
2 5
2 a
2 0
2 4
2 7
2 d
2 11
2 1a
2 1c
2 1e
2 15
2 1b
2 24
2 22
2 1a
2 1d
2 16
2 1e
2 22
2 2b
2 34
2 3b
2 44
2 3b
2 42
2 44
2 46
2 49
2 40
2 41
2 3e
2 35
2 2c
2 2b
2 28
2 20
2 23
2 24
2 25
2 1e
2 23
2 1f
2 17
2 15
2 1e
2 18
2 17
2 18
2 18
2 12
2 f
2 5
2 0
2 9
2 5
2 c
2 10
2 d
2 b
2 12
2 d
2 6
2 7
2 4
2 b
2 b
2 6
2 c
2 c
2 3
2 1
2 5
2 1
2 1
2 0
2 0
2 4
2 1
2 3
2 4
2 4
2 7
2 6
2 1
2 0
2 3
2 0
2 0
2 8
2 3
2 3
2 c
2 6
2 7
2 7
2 0
2 3
2 6
2 f
2 e
2 5
2 9
2 f
2 15
2 10
2 11
2 15
2 10
2 c
2 13
2 b
2 5
2 b
2 b
2 f
2 6
2 b
2 6
2 5
2 4
2 0
2 8
2 10
2 f
2 5
2 5
2 7
2 7
2 d
2 f
2 11
2 1a
2 1e
2 17
2 16
2 15
2 15
2 f
2 15
2 e
2 9
2 b
2 b
2 5
2 6
2 8
2 d
2 f
2 a
2 f
2 10
2 11
2 1a
2 19
2 19
2 16
2 c
2 13
2 9
2 f
2 16
2 1b
2 15
2 1d
2 1e
2 19
2 1b
2 1a
2 1c
2 16
2 1b
2 1b
2 1f
2 15
2 1d
2 19
2 17
2 13
2 15
2 f
2 7
2 9
2 7
2 5
2 8
2 5
2 d
2 8
2 8
2 1
2 2
2 8
2 6
2 b
2 5
2 3
2 a
2 1
2 4
2 d
2 5
2 3
2 0
2 0
2 0
2 7
2 c
2 8
2 a
2 11
2 19
2 15
2 12
2 15
2 1e
2 16
2 18
2 16
2 1e
2 15
2 18
2 21
2 22
2 1f
2 21
2 21
2 17
2 11
2 1a
2 18
2 f
2 10
2 13
2 17
2 1b
2 12
2 16
2 19
2 16
2 1f
2 26
2 2d
2 2e
2 33
2 33
2 2c
2 35
2 39
2 36
2 34
2 36
2 35
2 2b
2 25
2 25
2 2c
2 30
2 31
2 2e
2 32
2 2d
2 2d
2 23
2 28
2 20
2 23
2 23
2 24
2 22
2 24
2 2d
2 24
2 29
2 1f
2 21
2 28
2 25
2 20
2 21
2 18
2 19
2 12
2 a
2 2
2 7
2 10
2 16
2 c
2 6
2 f
2 e
2 5
2 4
2 0
2 7
2 10
2 17
2 d
2 7
2 b
2 8
2 c
2 13
2 a
2 c
2 3
2 4
2 7
2 b
2 10
2 7
2 6
2 1
2 a
2 3
2 7
2 2
2 0
2 2
2 1
