2 32c91
2 31bbd
2 34
2 153d9
2 14
2 1c
2 4c
2 4
2 48
2 c
2 184f
2 4c
2 2c
2 2c
2 14
2 9bbb
2 40
2 24
2 2fa3a
2 c
2 40
2 8
2 c
2 34
2 40
2 28
2 30
2 3c
2 4c
2 38
2 15861
2 8
2 c
2 10
2 156e0
2 4
2 1afba
2 12623
2 24
2 25a7b
2 38
2 38e23
2 20
2 4
2 18
2 3bed4
2 24
2 0
2 1c
2 0
2 3c
2 40
2 10
2 c
2 10
2 c
2 2b8bd
2 38
2 4c
2 24
2 4
2 4
2 ebc2
2 44
2 10
2 3d7bb
2 1c
2 1564b
2 16b51
2 3c91d
2 1ed1a
2 2c
2 40
2 3c
2 34
2 20
2 138d4
2 24
2 23c32
2 33822
2 3d34d
2 28
2 10
2 fa2e
2 8
2 24f04
2 38
2 34
2 0
2 24
2 25a4e
2 4
2 48
2 b43f
2 17953
2 8
2 2c
2 14
2 1c
2 4
2 18
2 3c
2 14
2 16e79
2 10
2 44
2 218e2
2 20
2 2c
2 10
2 30
2 34
2 18ac5
2 c
2 48
2 4
2 3c
2 2d9b7
2 1b181
2 34
2 38
2 4c
2 38
2 4
2 0
2 10
2 40
2 2fde4
2 345b7
2 48
2 2a3b2
2 44
2 24
2 2708c
2 3c
2 1c
2 1cbee
2 3c
2 0
2 4
2 34
2 2c
2 14
2 28
2 18
2 40
2 4c
2 4
2 360ad
2 8
2 4c
2 123ba
2 6595
2 20
2 44
2 1c
2 34
2 24
2 4
2 3c
2 8
2 44
2 3d876
2 2828e
2 171da
2 0
2 28841
2 18
2 50a6
2 3ad2c
2 24
2 1c
2 38cd5
2 24
2 e5b2
2 1c
2 28
2 1c
2 14
2 23ac7
2 2202d
2 2c
2 44
2 10
2 8
2 34
2 44
2 28
2 20
2 0
2 c
2 1c
2 4c
2 114ed
2 1d4ad
2 10
2 150a
2 1c
2 10
2 3c
2 24
2 3c
2 24fd3
2 2c
2 1ad67
2 3deca
2 40
2 8
2 20
2 18
2 8aaf
2 8
2 30
2 30
2 2a7a8
2 3c
2 15b42
2 dcc0
2 2d635
2 28
2 34
2 c
2 30
2 14
2 8
2 4c
2 44
2 4c
2 1c
2 3a942
2 18
2 f30
2 28
2 8
2 4
2 604b
2 c
2 48
2 4
2 cb3a
2 44
2 2c
2 44
2 14
2 2f6c1
2 0
2 18
2 4c
2 10
2 34d4b
2 0
2 7fdb
2 ee08
2 0
2 38
2 c
2 c
2 40
2 197f9
2 10
2 c
2 c
2 34
2 c
2 20
2 30
2 1c
2 26159
2 44
2 14
2 6453
2 1c
2 2c
2 30
2 287f7
2 38
2 13c13
2 c
2 24
2 30
2 30
2 1b43c
2 38a30
2 24
2 1c032
2 4
2 20
2 3c
2 4c
2 30
2 44
2 12dcd
2 24
2 0
2 40
2 1c
2 24
2 8
2 24
2 c
2 18
2 40
2 34
2 24
2 26fdf
2 2375c
2 34
2 40
2 20
2 44
2 40
2 3c
2 3adf2
2 24
2 14
2 21310
2 14
2 17b99
2 28
2 28c83
2 10
2 0
2 34
2 3b640
2 14
2 3c
2 32c0f
2 40
2 0
2 18
2 c
2 26fef
2 30
2 34
2 3145f
2 20
2 28
2 20
2 1c
2 4c
2 3c
2 8
2 c
2 28
2 2de96
2 44
2 34
2 44
2 c
2 348c0
2 f3a0
2 34
2 10
2 c
2 28
2 3c
2 27d23
2 38
2 38
2 28
2 44
2 18
2 25242
2 0
2 4
2 28
2 14
2 24
2 4c
2 28
2 33221
2 0
2 4
2 1c
2 18
2 1c
2 0
2 1a0bc
2 24
2 28
2 2c
2 48
2 28
2 10
2 48
2 1b4bd
2 28
2 20
2 10
2 0
2 1fdfd
2 1c0c9
2 24
2 0
2 30
2 48
2 0
2 44
2 2c
2 8
2 2fe19
2 1bd73
2 0
2 34
2 7dc
2 18
2 127b1
2 34
2 40
2 48
2 18
2 4
2 10
2 38ccf
2 40
2 40
2 38
2 48
2 3c
2 18
2 28
2 28b11
2 10
2 14
2 48
2 15792
2 c
2 38
2 34
2 40
2 28
2 14
2 48
2 0
2 8
2 10
2 34
2 4
2 10d75
2 2235b
2 1c
2 2c
2 48
2 24
2 30
2 30
2 2c
2 44
2 20
2 38
2 e1bf
2 2de55
2 caa2
2 38bb2
2 96cc
2 2c
2 2af5a
2 3c
2 28155
2 28
2 10
2 8
2 40
2 24
2 1ac75
2 328f3
2 24
2 3c
2 4
2 c
2 38a0
2 2c
2 4c
2 1eb5c
2 c
2 26ce
2 277f3
2 4c
2 39849
2 0
2 30
2 34
2 30
2 14
2 14
2 34
2 3c
2 24
2 174f7
2 ea93
2 0
2 30db7
2 3ceb5
2 4c
2 1c
2 28
2 3c
2 48
2 10
2 d0f4
2 3c
2 40
2 30
2 24
2 3dc82
2 2c
2 10
2 10
2 c
2 28
2 40
2 4c
2 8
2 1c
2 4d
2 4c
2 8
2 2c
2 1177b
2 2d9f9
2 2c
2 8
2 4c
2 3308e
2 20
2 0
2 14
2 40
2 24b5a
2 a970
2 4c
2 18
2 48
2 30
2 40
2 3c
2 4c
2 18
2 24
2 2a403
2 14
2 20
2 1c
2 0
2 20e56
2 14
2 18
2 5681
2 14
2 4
2 2c
2 1baa2
2 1b2c1
2 20
2 28
2 48
2 28
2 3c
2 30
2 2c
2 2c
2 34
2 38
2 63b1
2 20
2 2234f
2 40
2 48
2 26dae
2 1fb7c
2 26b56
2 150d3
2 18
2 14
2 10062
2 19161
2 270a9
2 14
2 2c
2 24
2 28
2 8
2 4c
2 30
2 14
2 4
2 172b9
2 1c
2 14
2 18
2 4493
2 2c
2 3c
2 34
2 14
2 34
2 40
2 14
2 40
2 3c
2 2c
2 34
2 0
2 40
2 1af38
2 34
2 44
2 27920
2 24
2 24
2 2b1a9
2 18
2 4
2 3e691
2 2c
2 2c
2 3c
2 61aa
2 34
2 14
2 2c
2 1c
2 18
2 253c8
2 0
2 b5b4
2 24
2 8
2 4c
2 2c
2 20
2 30
2 28
2 1d2f5
2 4
2 3c
2 3319d
2 40
2 10
2 30
2 40
2 10
2 bc5a
2 35b17
2 18
2 40
2 4c
2 1c
2 3c
2 34
2 0
2 30
2 1c
2 40
2 4
2 c0ff
2 40
2 c
2 0
2 6a6d
2 4c
2 4c
2 18c30
2 1c
2 2c
2 10
2 c
2 c
2 10
2 8
2 3162b
2 15415
2 34
2 226f2
2 21760
2 18
2 24
2 18
2 1c
2 44
2 3580e
2 10
2 1c91c
2 20
2 39714
2 0
2 14
2 8
2 38
2 0
2 10
2 10
2 14
2 2206b
2 30
2 1c
2 ac7f
2 8
2 10
2 18710
2 24
2 30
2 2c
2 a38b
2 10
2 2c
2 34
2 38
2 3c
2 35164
2 30
2 1c
2 38
2 28
2 40
2 31975
2 44
2 4c
2 30
2 10c73
2 18
2 44
2 368bc
2 34
2 a07e
2 4
2 34
2 20
2 2885c
2 20
2 28
2 24
2 10
2 40
2 8
2 36c7f
2 14
2 3c
2 2c
2 15978
2 3c
2 20
2 20
2 3c
2 44
2 2b633
2 c
2 23d6c
2 2c
2 14
2 30
2 24
2 2399c
2 24
2 2b37f
2 3c
2 24
2 3dbcb
2 28
2 28
2 30
2 30
2 20
2 40
2 44
2 10
2 8
2 190f
2 20
2 28
2 34
2 38
2 5728
2 4c
2 14
2 2c
2 38
2 2c
2 3c
2 3c
2 c
2 38
2 168c0
2 10
2 24
2 40
2 c
2 44
2 24
2 2a620
2 18
2 38
2 28
2 0
2 126e2
2 24
2 10
2 3c
2 18
2 14
2 48
2 44
2 1c
2 44
2 20
2 3bec2
2 48
2 4
2 14
2 2e602
2 4c
2 30
2 24
2 38
2 18178
2 0
2 3047
2 a826
2 10
2 38
2 20
2 44
2 c
2 18
2 28
2 4c
2 40
2 304de
2 28
2 8d41
2 48
2 4c
2 24
2 8
2 44
2 22f02
2 8
2 0
2 1c
2 25958
2 48
2 31dbd
2 0
2 8
2 29286
2 18
2 40
2 4
2 10
2 2c
2 311e4
2 4c
2 38
2 10
2 35e4
2 1f724
2 11e38
2 12e9d
2 9f12
2 40
2 24
2 2421a
2 3a452
2 3c
2 1c
2 2cd73
2 3cf68
2 40
2 38
2 4
2 40
2 2e594
2 2c751
2 18
2 0
2 34
2 5cb1
2 24
2 10
2 14cec
2 28
2 c
2 30
2 44
2 2f545
2 18
2 99b9
2 338ee
2 158e8
2 28
2 4
2 40
2 30fbf
2 18
2 8
2 20
2 30867
2 2c
2 28
2 48
2 34
2 4
2 34
2 28
2 ece2
2 4c
2 10
2 34
2 4
2 120ee
2 20
2 1a80b
2 c
2 8
2 14
2 20c28
2 38
2 40
2 4c
2 196e
2 1e722
2 38
2 3c
2 14581
2 2c
2 14
2 8
2 13876
2 10
2 8
2 4
2 8
2 44
2 21d0c
2 48
2 2511c
2 34
2 bdb7
2 44
2 48
2 40
2 705f
2 2d1d8
2 40
2 8
2 34
2 34
2 24
2 24
2 0
2 0
2 4c
2 2c
2 1ae7d
2 12b16
2 38
2 14
2 25868
2 28
2 34
2 e1cc
2 20
2 c
2 10
2 c
2 38
2 0
2 3c
2 4c
2 910d
2 8
2 14
2 24
2 3c
2 f2f1
2 23a52
2 4c
2 18
2 18
2 24642
2 1d51f
2 40
2 1b0aa
2 4
2 39ab5
2 c
2 24
2 14
2 4255
2 4
2 4c
2 18
2 afca
2 14
2 8
2 28
2 40
2 1c
2 44
2 10
